4278
302	0.9836442619617708
531	0.12126203055243161
2782	0.298540467182723
2354	0.4713657238518127
1739	0.7830183295583182
1350	1.0
1460	0.8886576736073851
724	0.11737791079478212
1958	0.3578317371728479
1964	0.5398106089380431
4269	0.10152954557531899
2413	0.24407527549489777
2093	0.8918009639466766
4168	0.8523697870034915
44	0.8792414836696419
378	0.4371640569145958
2600	0.19495988146658022
1386	0.3786551395721452
815	0.5995556776101738
1957	0.7936592524669001
1779	0.5904032319850996
2813	0.6507468872324281
4144	0.15915866006024487
221	0.20438899790399404
1804	0.7756490723328577
1869	0.7808380576851525
218	0.6929587058466564
661	0.7563894949510235
1232	0.6154579417935029
2139	0.383148774305305
3454	0.6373530925515204
1360	0.7338389714504056
504	0.608534266553311
3234	0.3520077794086523
2514	0.2125995728448947
2539	0.7130324853520736
408	0.31847883347764544
1189	0.6181598101896489
1799	0.27285031113027164
117	0.5881601485446303
3757	0.35759076545362045
2686	0.23624865239667256
919	0.10645340620362898
951	0.5187235035238557
62	0.6555940030201286
185	0.5803273948420686
1944	0.5880860079613004
1785	0.2824273150791933
2138	0.48482985191916805
910	0.5036924901201065
1410	0.16467943412299915
2860	0.20085997166208247
1728	0.1295991173237492
1309	0.09157200486331887
2189	0.23484326921045917
2800	0.14519712263706963
15	0.4230516087350296
1515	0.3316508733620228
942	0.5959611501495966
974	0.16655227559233304
1137	0.4476866252836882
2129	0.3971506709420838
2525	0.5062057723391123
331	0.34652838300074146
1879	0.17674366234468664
2392	0.4816897669702396
2308	0.543052392007615
2423	0.47128855433132044
1088	0.5401235760902084
1810	0.09684217254349924
4231	0.6575652118415107
416	0.30344043586354436
3430	0.535847557986481
254	0.09265219950436948
3433	0.3538059782577345
3904	0.5620928059341476
2142	0.09695211747016258
2945	0.5005954609738189
2616	0.2682613296406188
4071	0.5165183407229261
3443	0.5618749664014677
2512	0.5263708178098365
1502	0.2773497549168415
2221	0.5353820966097965
3856	0.5230409624974283
1266	0.6139418758911918
2005	0.48495696454887144
2683	0.4914535259886285
2777	0.15712387169573072
1949	0.521372185461064
3322	0.3748392888924121
1494	0.2770855864423457
2229	0.2930590924818933
4230	0.4989711585720515
2973	0.5184592880571012
482	0.4623920678679131
2739	0.4757270553306876
3218	0.5510637347346924
632	0.4724367847562098
1710	0.5950335621513991
400	0.429114747152031
3306	0.4571694027268413
1055	0.45089372778312015
3913	0.3329729741062145
4134	0.5031085227531052
977	0.4520058274331894
1321	0.38937774685086357
3877	0.17842751703009263
3646	0.4734501515353557
1311	0.49582006082692787
2951	0.2052926309208433
4192	0.4168354880102742
2261	0.4803644207443145
3294	0.21330240452857027
4015	0.24033605679825726
1848	0.3829995384648194
206	0.48343378977812396
2662	0.510151312825635
1343	0.5204187402264893
3719	0.38153441409105726
1003	0.41993947017538397
1852	0.1337413189766806
118	0.4972323961682518
1142	0.1431573521323053
127	0.11214131952121771
2399	0.08789767281564755
1022	0.4853815199427942
3599	0.44808235190414797
3046	0.3814957627209441
1453	0.13337508185822786
3548	0.4614670547747829
3317	0.4715284123098898
3823	0.4070446736087686
4000	0.4331478800733121
4273	0.47463203672717275
2484	0.6066891960449852
1482	0.4314423771791191
1971	0.4411845347645401
1322	0.46175448269252906
1291	0.4848447630943276
1903	0.4598743793749159
2762	0.4888184802520668
1135	0.2698967262101078
2255	0.4376175123362721
676	0.22590673178574272
4181	0.4583663886387902
2557	0.49776515113920905
4043	0.4417388001208249
1504	0.3597538530486393
4215	0.2930325821491356
3618	0.4989224273766125
2383	0.44040917069455343
3314	0.4702711174451629
936	0.3706563679276978
3899	0.06625411963027154
2668	0.23561823922582267
1435	0.22411273377805435
1027	0.3157514213229955
688	0.4456323780122875
3392	0.41602278597730014
2791	0.4409669816193037
3954	0.2693834719828372
1729	0.4842307147742783
1499	0.4316823000225241
431	0.06397469413916372
4158	0.3412252250271918
3663	0.4398423636151971
2301	0.32265504841635595
2414	0.36903937003592036
3873	0.22342239649141196
2809	0.39604224635180396
1282	0.4167549860922089
1554	0.27407753661010126
41	0.35971911134310613
4239	0.2192870073851934
3976	0.23334654434547863
1109	0.4246960025666758
4001	0.25811816119630654
3816	0.21133429438205564
708	0.16853216150873965
2729	0.3996980568168965
2946	0.34573163648337407
3966	0.3334410646206575
277	0.4067101752835606
3110	0.21179473731721457
4274	0.4138686494377128
1772	0.4418121766383426
2107	0.44433779741998053
3189	0.4338676332689613
1193	0.4172322164702967
190	0.35115331541672073
2703	0.38860746351698056
3134	0.3583598219010505
3889	0.316229562160796
2614	0.40014665401082944
3117	0.34857374060202734
1927	0.4095061518561525
3929	0.3468609028278149
1107	0.4208008151753129
3552	0.3864900585845288
528	0.4063611522453673
3440	0.4984586575025971
462	0.43799355399589557
3697	0.21484512098917805
2016	0.4197076366829952
783	0.4248055394744731
147	0.116323760917791
1592	0.3631348394401407
298	0.4178443789241641
2994	0.4142639374166222
3771	0.4278209606472781
2294	0.4207885349139882
2991	0.39711977984250835
4167	0.3235301099470431
3511	0.36293760078779597
282	0.4317868725501728
1590	0.3630145879934067
1108	0.3799295650244034
1016	0.17533931896484203
2850	0.3809258460483902
77	0.37614690397494394
845	0.4057256691550946
2084	0.15071830814225745
844	0.4338461391577781
3612	0.38350254443222104
2871	0.15126140533340252
2663	0.3741253604893769
1738	0.412329717647176
4197	0.31046782999844275
2694	0.4399556326619702
210	0.45141665613021775
2181	0.412329717647176
3894	0.3229438570619433
2483	0.4081824792940982
1766	0.16586330858675527
997	0.3850117740959811
3453	0.36147816083436785
992	0.3996012766562864
264	0.6833592030438104
2574	0.43416961326896963
49	0.37603958507992974
2745	0.3695596322516286
2728	0.308794634755296
743	0.39060748577869797
2195	0.25932937244603455
1842	0.3141373698779614
3144	0.29955616547403047
2638	0.3735924261061609
442	0.3431762768081137
3390	0.2604225185234057
3604	0.42009821972347433
535	0.15722714872911678
1306	0.42823366321631245
213	0.2805063784591738
1867	0.36172300886699
3252	0.3157844857647125
35	0.36172300886699
155	0.35024534820574305
2758	0.36365875800406006
2393	0.22904084831554994
2029	0.4798610661996221
973	0.14033485245223376
2270	0.33908646943129844
1585	0.33908646943129844
2803	0.3057380668686234
640	0.36345328734787713
1274	0.44063109497811764
255	0.3725201810143608
3520	0.08969076886682051
2479	0.3420678498817072
2995	0.3420678498817072
2635	0.2752134479292152
2116	0.3883088265126613
1312	0.3668542705972235
2470	0.2601378604957011
3066	0.31716359176249953
3801	0.395456783580439
2914	0.32294711996947906
657	0.3061641848979358
3724	0.3233739275923239
4272	0.35498369240790467
170	0.2605347125866573
658	0.3650427696593176
1476	0.1508107393169313
3781	0.23164547397145363
852	0.3701310311575511
2154	0.31082717898434536
3769	0.3588004804987685
2911	0.39831315188113287
3834	0.34231592476445016
2351	0.34231592476445016
3377	0.31082717898434536
3393	0.352344381022826
379	0.3918082869396172
3903	0.352344381022826
2598	0.34565967385807234
2941	0.3569560654223666
338	0.25196162087027396
2400	0.19299140614834828
1337	0.1531470293103133
741	0.318523939706971
2720	0.20166098728413126
3457	0.3266663374674261
2048	0.29198374068357985
1486	0.10373997757005837
3379	0.3197764862962728
1174	0.3387300171693615
2822	0.3500063329137941
4209	0.32873941013658253
2123	0.31262836109170594
1059	0.4119338583277023
2636	0.4119338583277023
1323	0.20733123065519196
389	0.3632660981244355
2846	0.3141183530558554
2485	0.12328012643867847
1937	0.2509156844675327
461	0.33528993250729366
1029	0.06799098809928822
1597	0.33528993250729366
3049	0.289750628766519
2811	0.1449277864403532
3195	0.34817305989859837
4139	0.33528993250729366
2346	0.29712687647901415
2006	0.3553980933471139
3527	0.3063653457602797
1212	0.3063653457602797
1803	0.3063653457602797
2669	0.34033412332318064
3969	0.34033412332318064
327	0.34033412332318064
2855	0.32747985001283364
1923	0.19571655326259052
3613	0.2275577890581707
2141	0.26326243494390733
3985	0.2982855651761693
69	0.2814141614442242
432	0.1817085385665934
555	0.26115204268808484
4253	0.2814141614442242
3403	0.31933521791282066
967	0.3081679268553024
1314	0.3386041201856114
3491	0.31082717898434536
748	0.31082717898434536
569	0.32361110052387243
32	0.3566982226452834
808	0.2722557942651121
3673	0.3296133057348365
4102	0.3146638934998672
1697	0.28103272431395343
451	0.37038580490335204
3098	0.36084555307563804
3094	0.33817478148520635
2742	0.2925862404293951
3312	0.1854085866113578
670	0.2925862404293951
2424	0.36084555307563804
429	0.3052769599257586
1030	0.32017581704392944
1682	0.2925862404293951
1918	0.3052769599257586
3571	0.2717942550326879
1083	0.2954068083084869
2071	0.262097079715109
3693	0.2954068083084869
1179	0.2717942550326879
342	0.262097079715109
122	0.3281858393370369
96	0.5286318814057186
1063	0.26152727757137234
1099	0.28500355821983586
1658	0.26152727757137234
851	0.2518969071448413
2403	0.4170606408555148
2980	0.28500355821983586
1548	0.15191030590519797
3978	0.26152727757137234
2345	0.2724397657344324
2802	0.28500355821983586
1603	0.11089891500319095
714	0.34018154865344136
3924	0.31764264650843826
3694	0.22196360437590032
3292	0.28500355821983586
2433	0.31764264650843826
1036	0.28869751148095063
1277	0.306482487469118
4105	0.28869751148095063
3227	0.26152727757137234
465	0.3592448021950596
1524	0.306482487469118
1593	0.27400974508053
2667	0.28869751148095063
3625	0.306482487469118
1141	0.3289363122039409
4048	0.306482487469118
1165	0.27400974508053
4076	0.23261510110323916
89	0.306482487469118
1555	0.2506949186721948
2323	0.27400974508053
279	0.2506949186721948
4073	0.26152727757137234
2778	0.2769476482472308
4154	0.26235888368406407
3361	0.23923713256707185
366	0.17524335136139618
1800	0.2769476482472308
3772	0.2213440875929243
1278	0.2769476482472308
1308	0.29463192313538034
434	0.26235888368406407
6	0.3169833033181239
3157	0.2769476482472308
1540	0.15369296084254466
2545	0.2499737614559307
182	0.3042309696492709
3235	0.28200439280367523
1588	0.26444249840254136
3152	0.3042309696492709
2554	0.3042309696492709
3819	0.28200439280367523
3211	0.23770638128038477
833	0.3042309696492709
3574	0.28200439280367523
3348	0.23770638128038477
3337	0.28200439280367523
529	0.23770638128038477
666	0.28200439280367523
1742	0.28200439280367523
2237	0.28200439280367523
1400	0.2499737614559307
1561	0.23770638128038477
3885	0.1119712743471502
3182	0.23770638128038477
3076	0.3042309696492709
1813	0.28200439280367523
2596	0.4667301892314453
2841	0.2510859153210831
3366	0.23676445826878276
965	0.15663919989948563
56	0.2510859153210831
3334	0.29056973089999305
505	0.3664883329359041
1557	0.26849720261600774
3802	0.2510859153210831
679	0.2510859153210831
2630	0.26849720261600774
3805	0.09619802275407656
1659	0.26849720261600774
556	0.29056973089999305
3965	0.19676551516622898
574	0.26849720261600774
3876	0.20495502254385606
3056	0.29056973089999305
3796	0.26849720261600774
3793	0.22464114000960447
2876	0.45141665613021775
1890	0.27586731226482747
2388	0.20037526755559107
1774	0.06363511504519341
450	0.21068136395555256
634	0.3513840846723543
2014	0.27586731226482747
1783	0.1913390770507257
935	0.2539877701306903
568	0.27586731226482747
3455	0.23676445826878276
1566	0.2539877701306903
1630	0.2539877701306903
4035	0.2539877701306903
1218	0.11793784544592964
1532	0.2539877701306903
3620	0.3055884596167875
3550	0.2539877701306903
1950	0.2539877701306903
452	0.23676445826878276
2690	0.21068136395555256
2507	0.2539877701306903
4109	0.3513840846723543
3396	0.18331519969026613
961	0.22262615895506965
2784	0.27586731226482747
2965	0.3055884596167875
273	0.2539877701306903
3790	0.27586731226482747
2661	0.23676445826878276
2184	0.3349637567114504
4233	0.23832903223605487
2883	0.2894301157563885
2581	0.2894301157563885
2396	0.15566753140976383
1996	0.3349637567114504
630	0.2599627036041002
738	0.1856282687716905
3526	0.2894301157563885
1529	0.2599627036041002
4084	0.2599627036041002
3961	0.1856282687716905
2082	0.12372776364175701
1716	0.3349637567114504
458	0.3349637567114504
113	0.43472568515649807
1551	0.2894301157563885
2010	0.2213440875929243
2419	0.23832903223605487
3125	0.23832903223605487
2734	0.2599627036041002
623	0.2599627036041002
3288	0.13120477788681553
4069	0.06356605068365696
1725	0.2599627036041002
2708	0.2213440875929243
2518	0.3349637567114504
3744	0.43472568515649807
1133	0.43472568515649807
3714	0.11416265688527664
801	0.2717942550326879
341	0.3169833033181239
166	0.24265843786357577
1696	0.2213440875929243
4021	0.20466686105850587
116	0.24265843786357577
1019	0.24265843786357577
3193	0.2717942550326879
491	0.2717942550326879
3686	0.2717942550326879
1841	0.24265843786357577
4050	0.24265843786357577
2834	0.2213440875929243
879	0.06347420683330952
1693	0.20466686105850587
3000	0.2213440875929243
4047	0.20466686105850587
1385	0.2213440875929243
1681	0.20466686105850587
3106	0.20466686105850587
3070	0.2717942550326879
1749	0.24265843786357577
72	0.2717942550326879
503	0.24265843786357577
2188	0.2717942550326879
711	0.20466686105850587
1797	0.16981059050609182
2172	0.24265843786357577
4128	0.11750447538148434
2042	0.2213440875929243
4277	0.16125306290175234
1936	0.08551462886320461
884	0.20282064643284728
3476	0.252403050450947
750	0.20282064643284728
1296	0.252403050450947
587	0.223711080210225
3912	0.07539330453534664
1687	0.252403050450947
4245	0.223711080210225
2897	0.29712687647901415
1169	0.20282064643284728
796	0.252403050450947
2062	0.20282064643284728
3382	0.223711080210225
3240	0.29712687647901415
3725	0.20282064643284728
328	0.223711080210225
3516	0.29712687647901415
1576	0.20282064643284728
226	0.252403050450947
3720	0.18654872309261736
2496	0.20282064643284728
3414	0.223711080210225
3925	0.29712687647901415
2741	0.252403050450947
1646	0.252403050450947
1294	0.20282064643284728
2993	0.223711080210225
3039	0.20282064643284728
3069	0.20282064643284728
1101	0.29712687647901415
2372	0.252403050450947
1118	0.29712687647901415
2610	0.29712687647901415
3910	0.223711080210225
1049	0.39604224635180396
1721	0.223711080210225
3419	0.223711080210225
2984	0.39604224635180396
621	0.252403050450947
3872	0.252403050450947
1043	0.12515396248209143
3843	0.252403050450947
759	0.29712687647901415
2263	0.29712687647901415
2114	0.18250725007544255
54	0.18250725007544255
691	0.23090168477779485
4074	0.11390336555136635
2378	0.11993376437650065
4040	0.20282064643284728
2023	0.23090168477779485
3198	0.18250725007544255
3670	0.18250725007544255
441	0.1667812246362782
1886	0.23090168477779485
2847	0.18250725007544255
2936	0.23090168477779485
1806	0.20282064643284728
4266	0.23090168477779485
3321	0.18250725007544255
715	0.18250725007544255
909	0.23090168477779485
2148	0.27497759304733516
4249	0.20282064643284728
1746	0.27497759304733516
1178	0.12674294466274985
457	0.23090168477779485
3567	0.20282064643284728
3336	0.09525419888264507
582	0.18250725007544255
1256	0.23090168477779485
3375	0.20282064643284728
2528	0.20282064643284728
518	0.18250725007544255
1093	0.13451496878043165
2949	0.18250725007544255
3996	0.23090168477779485
5	0.20282064643284728
301	0.18250725007544255
3145	0.23090168477779485
114	0.23090168477779485
943	0.23090168477779485
2948	0.27497759304733516
733	0.20282064643284728
4217	0.23090168477779485
4213	0.18250725007544255
1397	0.20282064643284728
2609	0.20282064643284728
916	0.20282064643284728
3564	0.3732045782491116
839	0.23090168477779485
3806	0.20282064643284728
1560	0.27497759304733516
1484	0.27497759304733516
2304	0.23090168477779485
1419	0.14350421849910353
2573	0.18250725007544255
3026	0.18250725007544255
3474	0.3732045782491116
1146	0.3732045782491116
2147	0.3732045782491116
3916	0.1796224010975298
3547	0.1796224010975298
3420	0.20683465510760687
3751	0.1796224010975298
1411	0.20683465510760687
4036	0.20683465510760687
245	0.2499737614559307
988	0.1796224010975298
2369	0.20683465510760687
3031	0.20683465510760687
620	0.1796224010975298
3506	0.1796224010975298
3542	0.1601169543549487
1254	0.2499737614559307
1279	0.2499737614559307
471	0.06290315624284482
3711	0.2499737614559307
2572	0.20683465510760687
2027	0.34718755956803454
1378	0.2499737614559307
93	0.1796224010975298
2477	0.1796224010975298
2807	0.2499737614559307
387	0.20683465510760687
3967	0.1796224010975298
2191	0.20683465510760687
3592	0.1601169543549487
2111	0.1796224010975298
2786	0.14514424534297982
309	0.20683465510760687
3130	0.20683465510760687
3185	0.20683465510760687
1875	0.10141032321642364
321	0.1796224010975298
3171	0.1796224010975298
2298	0.1796224010975298
3365	0.1796224010975298
2339	0.1601169543549487
3364	0.34718755956803454
459	0.20683465510760687
3582	0.2499737614559307
3059	0.1796224010975298
1602	0.20683465510760687
3583	0.1796224010975298
2279	0.2499737614559307
2964	0.20683465510760687
2130	0.20683465510760687
1675	0.2499737614559307
540	0.2499737614559307
3584	0.1796224010975298
3825	0.12323081679318085
2492	0.20683465510760687
517	0.34718755956803454
2047	0.1601169543549487
3340	0.15369296084254466
685	0.2213440875929243
1361	0.1796224010975298
2415	0.15369296084254466
1919	0.2213440875929243
348	0.15369296084254466
1584	0.1796224010975298
4259	0.1796224010975298
2417	0.15369296084254466
1577	0.1796224010975298
4240	0.2213440875929243
912	0.15369296084254466
2174	0.2213440875929243
1992	0.2213440875929243
1930	0.1796224010975298
1131	0.10141032321642364
2826	0.1796224010975298
2202	0.10141032321642364
1847	0.1796224010975298
121	0.2213440875929243
2797	0.1796224010975298
1625	0.2213440875929243
3792	0.15369296084254466
1415	0.1796224010975298
2146	0.15369296084254466
1865	0.3169833033181239
318	0.3169833033181239
794	0.15369296084254466
4125	0.1796224010975298
18	0.2213440875929243
4123	0.2213440875929243
2007	0.2213440875929243
1396	0.2213440875929243
3064	0.1796224010975298
2	0.2213440875929243
2164	0.2213440875929243
3993	0.1796224010975298
1878	0.2213440875929243
2947	0.15369296084254466
464	0.06248181969917803
3154	0.15369296084254466
3080	0.15369296084254466
659	0.15369296084254466
1817	0.15369296084254466
3194	0.2213440875929243
293	0.1796224010975298
3079	0.15369296084254466
272	0.13535413505235913
3019	0.1796224010975298
3008	0.3169833033181239
1798	0.15369296084254466
860	0.15369296084254466
4190	0.1796224010975298
3953	0.1796224010975298
690	0.1796224010975298
2908	0.1796224010975298
3259	0.2213440875929243
1087	0.1796224010975298
1333	0.2213440875929243
3543	0.1796224010975298
4159	0.1796224010975298
1431	0.2213440875929243
3179	0.13535413505235913
2905	0.10141032321642364
4120	0.2213440875929243
1205	0.2213440875929243
1384	0.08598995254056516
602	0.14856343823950707
635	0.14856343823950707
1737	0.18801979253996487
559	0.14856343823950707
3010	0.18801979253996487
3998	0.14856343823950707
2196	0.14856343823950707
2422	0.14856343823950707
2206	0.14856343823950707
904	0.14856343823950707
3738	0.18801979253996487
700	0.18801979253996487
2892	0.14856343823950707
1044	0.14856343823950707
470	0.14856343823950707
1258	0.28103272431395343
830	0.14856343823950707
564	0.14856343823950707
2523	0.14856343823950707
3521	0.12460856855174109
1715	0.14856343823950707
4241	0.18801979253996487
2451	0.18801979253996487
3190	0.14856343823950707
2152	0.28103272431395343
881	0.14856343823950707
217	0.28103272431395343
2890	0.18801979253996487
3424	0.14856343823950707
1786	0.18801979253996487
1711	0.14856343823950707
1492	0.14856343823950707
1229	0.14856343823950707
1653	0.18801979253996487
3517	0.28103272431395343
4032	0.12460856855174109
1953	0.14856343823950707
476	0.18801979253996487
3077	0.18801979253996487
928	0.14856343823950707
3333	0.14856343823950707
1015	0.14856343823950707
189	0.14856343823950707
4039	0.14856343823950707
848	0.14856343823950707
3050	0.18801979253996487
979	0.18801979253996487
310	0.18801979253996487
1320	0.18801979253996487
4234	0.28103272431395343
2824	0.18801979253996487
1351	0.14856343823950707
1572	0.18801979253996487
2407	0.18801979253996487
2894	0.18801979253996487
2244	0.18801979253996487
639	0.18801979253996487
1943	0.14856343823950707
742	0.12460856855174109
296	0.10800653255149809
3378	0.28103272431395343
1127	0.14856343823950707
1960	0.14856343823950707
4237	0.18801979253996487
236	0.18801979253996487
2145	0.14856343823950707
1861	0.14856343823950707
1417	0.14856343823950707
2579	0.18801979253996487
668	0.08598995254056516
898	0.18801979253996487
4180	0.18801979253996487
2726	0.12460856855174109
2187	0.28103272431395343
3210	0.18801979253996487
3601	0.14856343823950707
303	0.14856343823950707
1513	0.14856343823950707
3911	0.18801979253996487
2169	0.18801979253996487
1719	0.18801979253996487
3489	0.18801979253996487
970	0.14856343823950707
812	0.18801979253996487
1203	0.28103272431395343
2212	0.18801979253996487
199	0.14856343823950707
2361	0.14856343823950707
404	0.08598995254056516
3878	0.14856343823950707
2840	0.18801979253996487
3222	0.14856343823950707
3107	0.14856343823950707
4252	0.14856343823950707
1156	0.18801979253996487
3813	0.18801979253996487
4206	0.14856343823950707
1227	0.14856343823950707
824	0.14856343823950707
3146	0.14856343823950707
3113	0.14856343823950707
1412	0.14856343823950707
445	0.14856343823950707
2072	0.14856343823950707
3704	0.18801979253996487
1413	0.18801979253996487
2077	0.14856343823950707
169	0.18801979253996487
729	0.28103272431395343
2830	0.28103272431395343
2738	0.28103272431395343
2412	0.28103272431395343
51	0.11296383933186523
3005	0.11296383933186523
716	0.23676445826878276
1355	0.11296383933186523
1873	0.23676445826878276
17	0.11296383933186523
2124	0.14856343823950707
388	0.14856343823950707
3942	0.23676445826878276
3541	0.11296383933186523
1310	0.23676445826878276
780	0.09217185393515813
3733	0.11296383933186523
1293	0.23676445826878276
2687	0.11296383933186523
1612	0.23676445826878276
3261	0.11296383933186523
2976	0.23676445826878276
2340	0.14856343823950707
148	0.11296383933186523
3555	0.11296383933186523
609	0.11296383933186523
1136	0.14856343823950707
3630	0.11296383933186523
485	0.11296383933186523
3028	0.11296383933186523
3359	0.14856343823950707
419	0.11296383933186523
2899	0.11296383933186523
2104	0.11296383933186523
171	0.11296383933186523
4187	0.23676445826878276
2842	0.11296383933186523
2888	0.14856343823950707
2117	0.14856343823950707
4108	0.14856343823950707
717	0.11296383933186523
806	0.11296383933186523
678	0.14856343823950707
3752	0.23676445826878276
78	0.11296383933186523
644	0.11296383933186523
2597	0.11296383933186523
38	0.11296383933186523
167	0.11296383933186523
3096	0.14856343823950707
3247	0.11296383933186523
1196	0.14856343823950707
271	0.14856343823950707
53	0.11296383933186523
211	0.11296383933186523
3158	0.14856343823950707
650	0.14856343823950707
1298	0.14856343823950707
646	0.14856343823950707
3822	0.14856343823950707
4045	0.11296383933186523
4236	0.11296383933186523
1263	0.23676445826878276
870	0.11296383933186523
631	0.14856343823950707
2715	0.23676445826878276
3814	0.11296383933186523
1068	0.11296383933186523
781	0.14856343823950707
313	0.14856343823950707
4089	0.14856343823950707
3318	0.14856343823950707
3504	0.14856343823950707
4191	0.11296383933186523
3388	0.14856343823950707
1604	0.11296383933186523
1082	0.23676445826878276
1778	0.14856343823950707
933	0.11296383933186523
361	0.23676445826878276
3730	0.11296383933186523
655	0.11296383933186523
280	0.14856343823950707
3553	0.11296383933186523
3280	0.14856343823950707
1209	0.11296383933186523
3886	0.11296383933186523
3075	0.11296383933186523
940	0.14856343823950707
3223	0.23676445826878276
4026	0.23676445826878276
914	0.11296383933186523
1092	0.14856343823950707
1898	0.11296383933186523
423	0.11296383933186523
3200	0.11296383933186523
707	0.14856343823950707
3478	0.14856343823950707
246	0.11296383933186523
3921	0.11296383933186523
1986	0.11296383933186523
866	0.23676445826878276
3575	0.11296383933186523
1433	0.14856343823950707
3753	0.14856343823950707
2056	0.14856343823950707
2537	0.14856343823950707
1111	0.14856343823950707
2591	0.14856343823950707
948	0.09217185393515813
3705	0.11296383933186523
638	0.11296383933186523
4214	0.14856343823950707
3779	0.14856343823950707
1754	0.11296383933186523
64	0.11296383933186523
2303	0.11296383933186523
1244	0.11296383933186523
2074	0.11296383933186523
2829	0.14856343823950707
4193	0.11296383933186523
924	0.11296383933186523
2097	0.23676445826878276
2453	0.11296383933186523
1638	0.11296383933186523
3581	0.11296383933186523
1071	0.23676445826878276
2562	0.11296383933186523
2220	0.11296383933186523
3237	0.11296383933186523
3844	0.14856343823950707
149	0.14856343823950707
29	0.09217185393515813
1832	0.14856343823950707
3205	0.14856343823950707
316	0.11296383933186523
3666	0.14856343823950707
4170	0.14856343823950707
1009	0.11296383933186523
1660	0.11296383933186523
1304	0.14856343823950707
2710	0.11296383933186523
424	0.14856343823950707
2233	0.11296383933186523
4107	0.14856343823950707
2880	0.11296383933186523
3002	0.14856343823950707
4095	0.11296383933186523
1389	0.14856343823950707
3981	0.14856343823950707
88	0.11296383933186523
2347	0.14856343823950707
1114	0.14856343823950707
1959	0.11296383933186523
3621	0.11296383933186523
1341	0.06036241821023142
3959	0.14856343823950707
1344	0.11296383933186523
3162	0.14856343823950707
90	0.14856343823950707
1034	0.11296383933186523
2656	0.11296383933186523
526	0.06036241821023142
2185	0.11296383933186523
3514	0.11296383933186523
2633	0.11296383933186523
2620	0.11296383933186523
181	0.14856343823950707
1546	0.14856343823950707
3161	0.14856343823950707
3054	0.11296383933186523
3127	0.11296383933186523
3232	0.06036241821023142
2380	0.14856343823950707
2599	0.14856343823950707
2122	0.09217185393515813
1491	0.23676445826878276
4268	0.09217185393515813
3471	0.11296383933186523
958	0.14856343823950707
1853	0.11296383933186523
137	0.23676445826878276
58	0.11296383933186523
3128	0.23676445826878276
2476	0.11296383933186523
2395	0.11296383933186523
1670	0.11296383933186523
2349	0.11296383933186523
2209	0.23676445826878276
243	0.14856343823950707
394	0.14856343823950707
952	0.06036241821023142
3442	0.09217185393515813
130	0.14856343823950707
3188	0.14856343823950707
513	0.11296383933186523
629	0.11296383933186523
3841	0.11296383933186523
1054	0.11296383933186523
1112	0.14856343823950707
1816	0.11296383933186523
2695	0.11296383933186523
1498	0.14856343823950707
37	0.23676445826878276
336	0.23676445826878276
3249	0.09217185393515813
2930	0.1796224010975298
2061	0.10141032321642364
838	0.10141032321642364
2171	0.10141032321642364
2910	0.10141032321642364
433	0.1796224010975298
1620	0.10141032321642364
2566	0.10141032321642364
2363	0.10141032321642364
3042	0.10141032321642364
3729	0.10141032321642364
1752	0.1796224010975298
1736	0.1796224010975298
2761	0.10141032321642364
1901	0.10141032321642364
680	0.10141032321642364
4103	0.10141032321642364
3311	0.10141032321642364
287	0.10141032321642364
4008	0.10141032321642364
4087	0.1796224010975298
3450	0.1796224010975298
3799	0.10141032321642364
2974	0.10141032321642364
2058	0.10141032321642364
2248	0.10141032321642364
1704	0.1796224010975298
499	0.1796224010975298
3561	0.10141032321642364
3057	0.1796224010975298
2582	0.1796224010975298
3596	0.10141032321642364
4179	0.10141032321642364
1307	0.10141032321642364
1855	0.10141032321642364
4161	0.10141032321642364
3692	0.10141032321642364
3466	0.1796224010975298
1202	0.1796224010975298
2487	0.10141032321642364
3073	0.10141032321642364
3530	0.10141032321642364
2364	0.10141032321642364
739	0.10141032321642364
4242	0.1796224010975298
3286	0.1796224010975298
3750	0.10141032321642364
918	0.10141032321642364
2091	0.10141032321642364
776	0.10141032321642364
2536	0.10141032321642364
541	0.10141032321642364
968	0.10141032321642364
2895	0.10141032321642364
4010	0.10141032321642364
1126	0.10141032321642364
719	0.10141032321642364
960	0.10141032321642364
2938	0.1796224010975298
2675	0.1796224010975298
382	0.10141032321642364
1939	0.10141032321642364
3250	0.10141032321642364
1463	0.10141032321642364
2166	0.10141032321642364
31	0.10141032321642364
981	0.10141032321642364
497	0.1796224010975298
3439	0.1796224010975298
3084	0.10141032321642364
4270	0.1796224010975298
129	0.10141032321642364
1316	0.10141032321642364
1773	0.10141032321642364
1591	0.10141032321642364
3040	0.10141032321642364
4265	0.10141032321642364
474	0.05714205717125293
2623	0.10141032321642364
2285	0.10141032321642364
3882	0.10141032321642364
2331	0.1796224010975298
2278	0.10141032321642364
4046	0.10141032321642364
2837	0.10141032321642364
2292	0.1796224010975298
138	0.1796224010975298
3329	0.1796224010975298
3529	0.10141032321642364
508	0.1796224010975298
92	0.10141032321642364
2977	0.10141032321642364
2306	0.10141032321642364
141	0.10141032321642364
4093	0.10141032321642364
2753	0.10141032321642364
2259	0.10141032321642364
201	0.10141032321642364
3875	0.10141032321642364
3664	0.1796224010975298
20	0.10141032321642364
2436	0.10141032321642364
3404	0.10141032321642364
2952	0.10141032321642364
3702	0.10141032321642364
396	0.10141032321642364
3915	0.10141032321642364
1626	0.10141032321642364
3960	0.1796224010975298
4171	0.10141032321642364
1839	0.10141032321642364
604	0.10141032321642364
178	0.1796224010975298
2240	0.10141032321642364
3861	0.10141032321642364
1975	0.10141032321642364
1831	0.10141032321642364
160	0.10141032321642364
373	0.1796224010975298
410	0.10141032321642364
180	0.10141032321642364
3683	0.1796224010975298
1689	0.1796224010975298
3616	0.1796224010975298
2504	0.1796224010975298
660	0.10141032321642364
1688	0.10141032321642364
1663	0.10141032321642364
4254	0.10141032321642364
3722	0.10141032321642364
1613	0.10141032321642364
882	0.10141032321642364
3665	0.10141032321642364
3395	0.10141032321642364
3062	0.10141032321642364
770	0.1796224010975298
2224	0.10141032321642364
223	0.10141032321642364
761	0.1796224010975298
3980	0.10141032321642364
995	0.10141032321642364
150	0.10141032321642364
1488	0.10141032321642364
1654	0.05714205717125293
626	0.10141032321642364
3484	0.10141032321642364
863	0.10141032321642364
1840	0.10141032321642364
2760	0.05714205717125293
2036	0.10141032321642364
478	0.10141032321642364
1472	0.10141032321642364
656	0.1796224010975298
3710	0.10141032321642364
2222	0.10141032321642364
837	0.10141032321642364
2009	0.10141032321642364
2402	0.1796224010975298
692	0.10141032321642364
14	0.10141032321642364
2756	0.10141032321642364
2239	0.10141032321642364
4096	0.10141032321642364
3100	0.1796224010975298
2179	0.10141032321642364
990	0.10141032321642364
4114	0.10141032321642364
3175	0.10141032321642364
1359	0.1796224010975298
2245	0.1796224010975298
2437	0.10141032321642364
3422	0.1796224010975298
1891	0.10141032321642364
1685	0.10141032321642364
415	0.10141032321642364
1652	0.10141032321642364
1703	0.10141032321642364
937	0.10141032321642364
2933	0.1796224010975298
399	0.10141032321642364
1301	0.10141032321642364
572	0.10141032321642364
1285	0.1796224010975298
2928	0.10141032321642364
1740	0.1796224010975298
1442	0.10141032321642364
1667	0.10141032321642364
2238	0.10141032321642364
3468	0.10141032321642364
930	0.1796224010975298
3605	0.10141032321642364
649	0.1796224010975298
270	0.10141032321642364
488	0.10141032321642364
1464	0.10141032321642364
3316	0.10141032321642364
2475	0.10141032321642364
913	0.10141032321642364
4052	0.10141032321642364
519	0.1796224010975298
643	0.10141032321642364
1217	0.10141032321642364
3545	0.10141032321642364
2629	0.10141032321642364
4086	0.10141032321642364
2519	0.10141032321642364
3560	0.10141032321642364
3047	0.10141032321642364
3174	0.1796224010975298
3208	0.10141032321642364
2748	0.10141032321642364
624	0.10141032321642364
1328	0.10141032321642364
1609	0.10141032321642364
3472	0.10141032321642364
4063	0.10141032321642364
2327	0.10141032321642364
3688	0.10141032321642364
3291	0.10141032321642364
2282	0.1796224010975298
405	0.10141032321642364
4062	0.10141032321642364
2901	0.10141032321642364
1117	0.10141032321642364
2625	0.10141032321642364
2207	0.10141032321642364
545	0.1796224010975298
163	0.10141032321642364
705	0.10141032321642364
557	0.10141032321642364
1289	0.10141032321642364
542	0.10141032321642364
811	0.10141032321642364
2818	0.10141032321642364
2197	0.10141032321642364
3868	0.10141032321642364
71	0.10141032321642364
2869	0.1796224010975298
4145	0.10141032321642364
43	0.10141032321642364
2522	0.10141032321642364
1580	0.10141032321642364
878	0.1796224010975298
1276	0.1796224010975298
1259	0.1796224010975298
4	0.1796224010975298
1264	0.1796224010975298
3647	0.1796224010975298
3923	0.05714205717125293
2136	0.1796224010975298
3399	0.1796224010975298
3325	0.04715311502308344
2670	0.04715311502308344
3984	0.04715311502308344
3060	0.04715311502308344
1197	0.04715311502308344
2950	0.04715311502308344
3372	0.04715311502308344
2455	0.04715311502308344
3267	0.04715311502308344
1000	0.04715311502308344
2305	0.04715311502308344
3465	0.10141032321642364
2211	0.04715311502308344
2226	0.10141032321642364
2460	0.04715311502308344
2088	0.10141032321642364
2865	0.04715311502308344
785	0.04715311502308344
1967	0.04715311502308344
2709	0.10141032321642364
1070	0.10141032321642364
1006	0.10141032321642364
3558	0.04715311502308344
2885	0.04715311502308344
2891	0.04715311502308344
380	0.04715311502308344
1038	0.04715311502308344
1050	0.04715311502308344
3943	0.04715311502308344
76	0.10141032321642364
3972	0.04715311502308344
3891	0.04715311502308344
1997	0.10141032321642364
2059	0.04715311502308344
364	0.04715311502308344
3643	0.04715311502308344
2176	0.04715311502308344
1438	0.04715311502308344
1543	0.04715311502308344
3528	0.10141032321642364
1872	0.04715311502308344
2329	0.04715311502308344
1899	0.04715311502308344
3884	0.10141032321642364
3837	0.04715311502308344
2924	0.04715311502308344
1876	0.04715311502308344
521	0.04715311502308344
853	0.10141032321642364
135	0.04715311502308344
3055	0.04715311502308344
4117	0.04715311502308344
8	0.10141032321642364
3684	0.04715311502308344
3051	0.04715311502308344
2878	0.04715311502308344
1533	0.04715311502308344
2866	0.04715311502308344
2660	0.10141032321642364
3078	0.10141032321642364
591	0.04715311502308344
834	0.04715311502308344
3494	0.04715311502308344
1422	0.04715311502308344
3566	0.04715311502308344
1648	0.04715311502308344
1434	0.04715311502308344
3662	0.04715311502308344
2684	0.04715311502308344
436	0.04715311502308344
3578	0.04715311502308344
2252	0.10141032321642364
2961	0.04715311502308344
2836	0.04715311502308344
789	0.04715311502308344
1	0.10141032321642364
3589	0.04715311502308344
2367	0.04715311502308344
1334	0.04715311502308344
1342	0.04715311502308344
3304	0.04715311502308344
1052	0.04715311502308344
2666	0.10141032321642364
455	0.10141032321642364
2682	0.04715311502308344
779	0.04715311502308344
1833	0.04715311502308344
1325	0.04715311502308344
1976	0.04715311502308344
4235	0.10141032321642364
2520	0.04715311502308344
1621	0.10141032321642364
969	0.04715311502308344
3907	0.10141032321642364
3570	0.10141032321642364
233	0.10141032321642364
2035	0.04715311502308344
139	0.04715311502308344
4261	0.10141032321642364
993	0.04715311502308344
3591	0.10141032321642364
1825	0.04715311502308344
886	0.04715311502308344
2213	0.04715311502308344
3065	0.04715311502308344
2602	0.10141032321642364
1032	0.04715311502308344
1734	0.04715311502308344
3633	0.04715311502308344
1601	0.04715311502308344
1709	0.04715311502308344
3890	0.04715311502308344
637	0.04715311502308344
4049	0.04715311502308344
1375	0.04715311502308344
2982	0.04715311502308344
2527	0.04715311502308344
3580	0.04715311502308344
344	0.04715311502308344
2096	0.04715311502308344
1122	0.04715311502308344
3068	0.04715311502308344
1250	0.04715311502308344
694	0.04715311502308344
3502	0.10141032321642364
3870	0.10141032321642364
2678	0.10141032321642364
3991	0.04715311502308344
97	0.04715311502308344
2552	0.04715311502308344
3432	0.04715311502308344
3006	0.04715311502308344
3607	0.04715311502308344
2677	0.04715311502308344
4034	0.10141032321642364
142	0.04715311502308344
106	0.10141032321642364
1662	0.10141032321642364
1818	0.04715311502308344
3546	0.04715311502308344
1849	0.04715311502308344
3654	0.04715311502308344
773	0.04715311502308344
1550	0.04715311502308344
677	0.04715311502308344
4005	0.04715311502308344
3675	0.10141032321642364
2411	0.10141032321642364
1381	0.04715311502308344
2810	0.04715311502308344
1881	0.04715311502308344
2773	0.04715311502308344
3518	0.10141032321642364
2180	0.10141032321642364
234	0.04715311502308344
3828	0.10141032321642364
2540	0.04715311502308344
3863	0.04715311502308344
144	0.10141032321642364
3464	0.04715311502308344
2408	0.10141032321642364
3013	0.04715311502308344
3353	0.04715311502308344
4017	0.10141032321642364
3196	0.10141032321642364
2551	0.10141032321642364
2406	0.04715311502308344
3099	0.04715311502308344
894	0.04715311502308344
253	0.04715311502308344
3301	0.04715311502308344
3946	0.04715311502308344
2517	0.04715311502308344
59	0.10141032321642364
2498	0.04715311502308344
2680	0.04715311502308344
816	0.04715311502308344
80	0.04715311502308344
1730	0.04715311502308344
883	0.04715311502308344
1596	0.04715311502308344
47	0.04715311502308344
3939	0.10141032321642364
1846	0.10141032321642364
1290	0.04715311502308344
1535	0.04715311502308344
3860	0.04715311502308344
861	0.04715311502308344
4216	0.04715311502308344
3588	0.04715311502308344
2156	0.04715311502308344
2200	0.04715311502308344
1994	0.04715311502308344
1155	0.04715311502308344
1694	0.04715311502308344
2592	0.04715311502308344
417	0.04715311502308344
2040	0.04715311502308344
744	0.04715311502308344
2589	0.04715311502308344
1372	0.04715311502308344
673	0.04715311502308344
112	0.10141032321642364
506	0.10141032321642364
1041	0.04715311502308344
2092	0.04715311502308344
787	0.04715311502308344
2481	0.04715311502308344
1340	0.04715311502308344
3233	0.04715311502308344
4022	0.04715311502308344
563	0.04715311502308344
2828	0.04715311502308344
1002	0.04715311502308344
3400	0.04715311502308344
1403	0.04715311502308344
102	0.04715311502308344
1007	0.04715311502308344
561	0.10141032321642364
671	0.10141032321642364
3148	0.10141032321642364
775	0.10141032321642364
1255	0.10141032321642364
3500	0.04715311502308344
3701	0.10141032321642364
2772	0.04715311502308344
184	0.04715311502308344
597	0.04715311502308344
3850	0.04715311502308344
2267	0.10141032321642364
3020	0.04715311502308344
2350	0.04715311502308344
3631	0.04715311502308344
1195	0.10141032321642364
774	0.10141032321642364
2295	0.10141032321642364
3243	0.10141032321642364
1983	0.04715311502308344
956	0.04715311502308344
3397	0.04715311502308344
3463	0.04715311502308344
1086	0.04715311502308344
2586	0.04715311502308344
3854	0.04715311502308344
3307	0.04715311502308344
449	0.04715311502308344
2529	0.04715311502308344
4016	0.04715311502308344
3067	0.04715311502308344
2538	0.04715311502308344
1376	0.10141032321642364
2646	0.04715311502308344
420	0.04715311502308344
2144	0.04715311502308344
2767	0.04715311502308344
26	0.04715311502308344
386	0.04715311502308344
2073	0.04715311502308344
1172	0.04715311502308344
586	0.04715311502308344
2755	0.04715311502308344
994	0.04715311502308344
713	0.04715311502308344
84	0.04715311502308344
4027	0.04715311502308344
3225	0.04715311502308344
3594	0.04715311502308344
3603	0.04715311502308344
2454	0.04715311502308344
3840	0.04715311502308344
48	0.04715311502308344
1727	0.04715311502308344
3644	0.04715311502308344
3619	0.04715311502308344
701	0.04715311502308344
1490	0.04715311502308344
1457	0.04715311502308344
2730	0.04715311502308344
547	0.04715311502308344
1327	0.04715311502308344
123	0.10141032321642364
3228	0.04715311502308344
820	0.04715311502308344
3003	0.10141032321642364
60	0.04715311502308344
1562	0.04715311502308344
1020	0.04715311502308344
2462	0.04715311502308344
2916	0.04715311502308344
525	0.04715311502308344
2516	0.04715311502308344
1509	0.04715311502308344
427	0.04715311502308344
2590	0.04715311502308344
2203	0.10141032321642364
2889	0.10141032321642364
1103	0.04715311502308344
2409	0.04715311502308344
3276	0.04715311502308344
1497	0.04715311502308344
2989	0.04715311502308344
3587	0.04715311502308344
3703	0.04715311502308344
3037	0.04715311502308344
1379	0.04715311502308344
725	0.04715311502308344
2256	0.10141032321642364
1330	0.04715311502308344
1275	0.04715311502308344
1834	0.04715311502308344
809	0.04715311502308344
46	0.04715311502308344
1940	0.04715311502308344
3086	0.04715311502308344
4177	0.04715311502308344
3166	0.04715311502308344
3176	0.04715311502308344
1062	0.04715311502308344
414	0.04715311502308344
3114	0.04715311502308344
3343	0.04715311502308344
285	0.04715311502308344
2622	0.04715311502308344
3676	0.04715311502308344
2324	0.04715311502308344
3637	0.04715311502308344
1224	0.04715311502308344
1796	0.04715311502308344
2025	0.04715311502308344
3775	0.04715311502308344
920	0.04715311502308344
972	0.04715311502308344
3690	0.04715311502308344
1429	0.04715311502308344
2867	0.04715311502308344
1405	0.04715311502308344
763	0.04715311502308344
3281	0.04715311502308344
2701	0.04715311502308344
421	0.04715311502308344
2366	0.04715311502308344
4028	0.04715311502308344
369	0.04715311502308344
3262	0.04715311502308344
4111	0.04715311502308344
486	0.10141032321642364
1348	0.04715311502308344
2875	0.04715311502308344
1104	0.04715311502308344
2067	0.04715311502308344
1175	0.04715311502308344
1458	0.04715311502308344
1138	0.04715311502308344
1575	0.04715311502308344
2465	0.04715311502308344
334	0.04715311502308344
1143	0.04715311502308344
1637	0.04715311502308344
2959	0.04715311502308344
4243	0.04715311502308344
1909	0.04715311502308344
275	0.04715311502308344
1010	0.04715311502308344
1699	0.04715311502308344
3082	0.04715311502308344
3268	0.04715311502308344
584	0.04715311502308344
1317	0.04715311502308344
2153	0.04715311502308344
2671	0.04715311502308344
2652	0.04715311502308344
428	0.04715311502308344
1245	0.04715311502308344
1547	0.04715311502308344
4244	0.04715311502308344
3523	0.04715311502308344
3829	0.10141032321642364
767	0.10141032321642364
3118	0.10141032321642364
867	0.04715311502308344
3549	0.04715311502308344
1645	0.04715311502308344
1508	0.04715311502308344
1475	0.04715311502308344
3606	0.04715311502308344
2583	0.04715311502308344
1466	0.10141032321642364
2718	0.04715311502308344
1251	0.10141032321642364
2167	0.04715311502308344
734	0.04715311502308344
3949	0.04715311502308344
3381	0.04715311502308344
1011	0.04715311502308344
1121	0.10141032321642364
4083	0.10141032321642364
3988	0.04715311502308344
653	0.04715311502308344
263	0.04715311502308344
1084	0.04715311502308344
2456	0.10141032321642364
119	0.04715311502308344
2963	0.04715311502308344
2731	0.04715311502308344
2080	0.04715311502308344
4202	0.04715311502308344
1948	0.04715311502308344
2530	0.04715311502308344
337	0.04715311502308344
292	0.04715311502308344
702	0.04715311502308344
4116	0.04715311502308344
1416	0.04715311502308344
1473	0.04715311502308344
1303	0.04715311502308344
2555	0.04715311502308344
583	0.04715311502308344
1573	0.04715311502308344
269	0.04715311502308344
2428	0.04715311502308344
2685	0.04715311502308344
1850	0.04715311502308344
560	0.04715311502308344
1931	0.04715311502308344
2934	0.04715311502308344
4173	0.04715311502308344
2341	0.04715311502308344
3024	0.04715311502308344
1537	0.04715311502308344
721	0.04715311502308344
534	0.04715311502308344
2513	0.04715311502308344
203	0.04715311502308344
227	0.04715311502308344
3920	0.04715311502308344
3554	0.04715311502308344
2251	0.04715311502308344
1968	0.04715311502308344
4124	0.04715311502308344
3181	0.04715311502308344
1204	0.04715311502308344
2405	0.04715311502308344
1454	0.04715311502308344
2431	0.04715311502308344
622	0.04715311502308344
1698	0.04715311502308344
3159	0.10141032321642364
2430	0.10141032321642364
4067	0.04715311502308344
706	0.04715311502308344
3167	0.04715311502308344
1617	0.04715311502308344
3791	0.04715311502308344
231	0.04715311502308344
2079	0.04715311502308344
1916	0.04715311502308344
2852	0.04715311502308344
1724	0.04715311502308344
2231	0.04715311502308344
2825	0.04715311502308344
3297	0.10141032321642364
1018	0.10141032321642364
3298	0.10141032321642364
168	0.04715311502308344
527	0.04715311502308344
842	0.10141032321642364
4156	0.04715311502308344
2565	0.10141032321642364
612	0.04715311502308344
3380	0.04715311502308344
3486	0.04715311502308344
1812	0.10141032321642364
1260	0.10141032321642364
3501	0.04715311502308344
605	0.04715311502308344
3707	0.04715311502308344
222	0.04715311502308344
3562	0.10141032321642364
2192	0.04715311502308344
3356	0.04715311502308344
4098	0.10141032321642364
2696	0.10141032321642364
3495	0.10141032321642364
1061	0.04715311502308344
4186	0.04715311502308344
50	0.04715311502308344
4126	0.04715311502308344
2230	0.10141032321642364
831	0.10141032321642364
66	0.04715311502308344
1420	0.04715311502308344
111	0.10141032321642364
2613	0.04715311502308344
1302	0.10141032321642364
1717	0.04715311502308344
978	0.04715311502308344
617	0.04715311502308344
2962	0.04715311502308344
3723	0.04715311502308344
2288	0.10141032321642364
3244	0.04715311502308344
2030	0.04715311502308344
23	0.04715311502308344
1501	0.04715311502308344
2937	0.10141032321642364
1600	0.04715311502308344
1884	0.04715311502308344
2806	0.04715311502308344
2469	0.04715311502308344
312	0.04715311502308344
188	0.04715311502308344
229	0.10141032321642364
463	0.04715311502308344
3423	0.04715311502308344
3374	0.10141032321642364
3229	0.04715311502308344
2269	0.04715311502308344
536	0.04715311502308344
1005	0.10141032321642364
4038	0.10141032321642364
869	0.04715311502308344
3786	0.04715311502308344
1924	0.04715311502308344
1639	0.10141032321642364
1395	0.04715311502308344
2917	0.04715311502308344
2915	0.04715311502308344
1234	0.10141032321642364
984	0.04715311502308344
454	0.04715311502308344
4056	0.04715311502308344
3617	0.04715311502308344
207	0.04715311502308344
1477	0.04715311502308344
3749	0.04715311502308344
2657	0.04715311502308344
1246	0.04715311502308344
1830	0.04715311502308344
2444	0.04715311502308344
2732	0.04715311502308344
1031	0.04715311502308344
3102	0.10141032321642364
1553	0.04715311502308344
2227	0.04715311502308344
1523	0.04715311502308344
2110	0.04715311502308344
1366	0.10141032321642364
3048	0.04715311502308344
21	0.04715311502308344
1161	0.04715311502308344
1004	0.04715311502308344
3717	0.10141032321642364
552	0.04715311502308344
2873	0.04715311502308344
2332	0.04715311502308344
4267	0.04715311502308344
3598	0.04715311502308344
3505	0.04715311502308344
3258	0.10141032321642364
3629	0.04715311502308344
1495	0.04715311502308344
487	0.04715311502308344
627	0.04715311502308344
1168	0.04715311502308344
793	0.04715311502308344
752	0.04715311502308344
2535	0.04715311502308344
3004	0.04715311502308344
2215	0.04715311502308344
333	0.10141032321642364
3025	0.10141032321642364
1745	0.10141032321642364
735	0.04715311502308344
567	0.10141032321642364
3135	0.04715311502308344
864	0.04715311502308344
1371	0.10141032321642364
3864	0.10141032321642364
3434	0.10141032321642364
1856	0.04715311502308344
3509	0.04715311502308344
1364	0.04715311502308344
709	0.04715311502308344
2601	0.04715311502308344
4201	0.04715311502308344
3226	0.04715311502308344
276	0.10141032321642364
1347	0.04715311502308344
2198	0.10141032321642364
880	0.04715311502308344
3269	0.04715311502308344
2020	0.04715311502308344
1678	0.04715311502308344
1406	0.04715311502308344
2839	0.04715311502308344
4122	0.04715311502308344
1220	0.04715311502308344
2987	0.04715311502308344
854	0.04715311502308344
1270	0.04715311502308344
718	0.04715311502308344
2771	0.04715311502308344
2886	0.04715311502308344
1373	0.10141032321642364
7	0.04715311502308344
2289	0.04715311502308344
3191	0.04715311502308344
205	0.04715311502308344
2461	0.04715311502308344
3917	0.04715311502308344
1991	0.04715311502308344
1677	0.10141032321642364
2311	0.04715311502308344
3674	0.04715311502308344
3551	0.04715311502308344
1485	0.04715311502308344
3287	0.04715311502308344
2743	0.04715311502308344
1661	0.04715311502308344
1452	0.10141032321642364
4247	0.10141032321642364
3602	0.04715311502308344
3745	0.04715311502308344
278	0.04715311502308344
2626	0.10141032321642364
1057	0.04715311502308344
340	0.04715311502308344
2486	0.04715311502308344
4165	0.04715311502308344
4232	0.04715311502308344
2543	0.04715311502308344
3032	0.04715311502308344
3425	0.10141032321642364
3186	0.04715311502308344
1586	0.04715311502308344
3177	0.04715311502308344
473	0.04715311502308344
172	0.04715311502308344
922	0.04715311502308344
3354	0.10141032321642364
2186	0.04715311502308344
2235	0.04715311502308344
1987	0.10141032321642364
1073	0.04715311502308344
589	0.04715311502308344
966	0.04715311502308344
1860	0.04715311502308344
2474	0.04715311502308344
484	0.04715311502308344
1517	0.04715311502308344
406	0.04715311502308344
3475	0.10141032321642364
3044	0.04715311502308344
370	0.04715311502308344
133	0.04715311502308344
1446	0.04715311502308344
3254	0.04715311502308344
1795	0.04715311502308344
2787	0.04715311502308344
176	0.04715311502308344
3636	0.10141032321642364
3880	0.10141032321642364
2783	0.04715311502308344
1894	0.04715311502308344
2793	0.04715311502308344
183	0.04715311502308344
1973	0.04715311502308344
3576	0.04715311502308344
3892	0.04715311502308344
841	0.04715311502308344
1999	0.04715311502308344
2410	0.04715311502308344
2827	0.04715311502308344
4068	0.04715311502308344
1941	0.04715311502308344
1380	0.04715311502308344
4147	0.04715311502308344
598	0.04715311502308344
3342	0.04715311502308344
1455	0.04715311502308344
1253	0.04715311502308344
4183	0.04715311502308344
2534	0.04715311502308344
100	0.04715311502308344
3918	0.04715311502308344
1014	0.04715311502308344
3739	0.04715311502308344
1908	0.04715311502308344
1723	0.04715311502308344
1760	0.04715311502308344
2740	0.04715311502308344
2808	0.04715311502308344
3305	0.04715311502308344
426	0.04715311502308344
849	0.04715311502308344
1201	0.04715311502308344
3164	0.04715311502308344
460	0.04715311502308344
2337	0.10141032321642364
477	0.04715311502308344
391	0.04715311502308344
1827	0.04715311502308344
2619	0.04715311502308344
1468	0.04715311502308344
3695	0.04715311502308344
3248	0.04715311502308344
907	0.04715311502308344
1129	0.04715311502308344
4219	0.04715311502308344
1115	0.04715311502308344
2725	0.04715311502308344
4260	0.04715311502308344
3593	0.04715311502308344
2851	0.04715311502308344
2792	0.04715311502308344
3022	0.10141032321642364
3896	0.04715311502308344
1338	0.04715311502308344
4007	0.10141032321642364
704	0.10141032321642364
3614	0.04715311502308344
2744	0.04715311502308344
128	0.04715311502308344
1356	0.04715311502308344
154	0.04715311502308344
4140	0.04715311502308344
2643	0.04715311502308344
2190	0.04715311502308344
4160	0.04715311502308344
792	0.04715311502308344
126	0.04715311502308344
575	0.04715311502308344
300	0.04715311502308344
4137	0.04715311502308344
980	0.04715311502308344
1500	0.04715311502308344
3477	0.04715311502308344
932	0.10141032321642364
3121	0.04715311502308344
2770	0.04715311502308344
2920	0.10141032321642364
1765	0.10141032321642364
1190	0.04715311502308344
1035	0.04715311502308344
4153	0.04715311502308344
1170	0.10141032321642364
2275	0.04715311502308344
3815	0.04715311502308344
3278	0.10141032321642364
1578	0.04715311502308344
1425	0.04715311502308344
4037	0.04715311502308344
2143	0.04715311502308344
241	0.04715311502308344
1383	0.04715311502308344
3209	0.04715311502308344
2491	0.04715311502308344
786	0.04715311502308344
3017	0.04715311502308344
2593	0.04715311502308344
3503	0.04715311502308344
444	0.04715311502308344
251	0.04715311502308344
1762	0.04715311502308344
3246	0.04715311502308344
4248	0.04715311502308344
2034	0.04715311502308344
2045	0.04715311502308344
2426	0.04715311502308344
422	0.04715311502308344
2336	0.04715311502308344
822	0.04715311502308344
975	0.04715311502308344
2389	0.04715311502308344
1769	0.04715311502308344
4198	0.04715311502308344
1106	0.04715311502308344
2645	0.04715311502308344
3149	0.04715311502308344
2674	0.04715311502308344
1414	0.04715311502308344
4019	0.10141032321642364
466	0.04715311502308344
2495	0.04715311502308344
3132	0.04715311502308344
686	0.04715311502308344
1186	0.04715311502308344
2926	0.04715311502308344
2558	0.04715311502308344
3777	0.04715311502308344
2287	0.04715311502308344
82	0.04715311502308344
2356	0.10141032321642364
325	0.04715311502308344
2856	0.04715311502308344
3919	0.04715311502308344
1124	0.04715311502308344
1880	0.04715311502308344
1408	0.10141032321642364
1214	0.04715311502308344
1206	0.04715311502308344
2923	0.04715311502308344
1844	0.04715311502308344
553	0.04715311502308344
3741	0.04715311502308344
592	0.04715311502308344
187	0.04715311502308344
3839	0.04715311502308344
2604	0.04715311502308344
1522	0.04715311502308344
3948	0.04715311502308344
925	0.04715311502308344
751	0.04715311502308344
40	0.04715311502308344
3627	0.04715311502308344
1200	0.04715311502308344
4033	0.04715311502308344
215	0.04715311502308344
372	0.04715311502308344
1713	0.04715311502308344
1610	0.04715311502308344
1242	0.10141032321642364
494	0.10141032321642364
976	0.04715311502308344
2163	0.04715311502308344
1789	0.04715311502308344
520	0.04715311502308344
3656	0.04715311502308344
3251	0.04715311502308344
607	0.04715311502308344
120	0.04715311502308344
2544	0.04715311502308344
1448	0.04715311502308344
3742	0.10141032321642364
439	0.04715311502308344
3830	0.04715311502308344
1219	0.04715311502308344
24	0.04715311502308344
2766	0.10141032321642364
3394	0.04715311502308344
1060	0.04715311502308344
1188	0.04715311502308344
3058	0.04715311502308344
2705	0.04715311502308344
3761	0.04715311502308344
1921	0.10141032321642364
3938	0.04715311502308344
1313	0.04715311502308344
3231	0.10141032321642364
3794	0.04715311502308344
1046	0.04715311502308344
2700	0.04715311502308344
2109	0.04715311502308344
664	0.04715311502308344
3350	0.04715311502308344
2334	0.04715311502308344
3755	0.04715311502308344
1080	0.04715311502308344
1191	0.04715311502308344
2085	0.04715311502308344
1469	0.04715311502308344
242	0.04715311502308344
1805	0.04715311502308344
2654	0.04715311502308344
314	0.04715311502308344
3740	0.04715311502308344
2921	0.10141032321642364
4085	0.04715311502308344
1297	0.10141032321642364
3352	0.04715311502308344
2387	0.10141032321642364
2464	0.04715311502308344
1583	0.04715311502308344
3277	0.04715311502308344
3140	0.04715311502308344
1784	0.10141032321642364
3784	0.04715311502308344
799	0.04715311502308344
1160	0.10141032321642364
3362	0.04715311502308344
3902	0.04715311502308344
2458	0.04715311502308344
885	0.04715311502308344
2957	0.04715311502308344
2736	0.10141032321642364
2576	0.04715311502308344
4146	0.04715311502308344
2276	0.10141032321642364
3418	0.04715311502308344
2070	0.04715311502308344
3104	0.04715311502308344
2919	0.04715311502308344
1892	0.04715311502308344
533	0.04715311502308344
2076	0.04715311502308344
2647	0.04715311502308344
1370	0.04715311502308344
3033	0.04715311502308344
409	0.04715311502308344
846	0.04715311502308344
1150	0.04715311502308344
1915	0.04715311502308344
2236	0.04715311502308344
1920	0.04715311502308344
1530	0.04715311502308344
2075	0.10141032321642364
4025	0.04715311502308344
232	0.10141032321642364
1707	0.04715311502308344
3595	0.04715311502308344
1563	0.04715311502308344
2835	0.10141032321642364
2127	0.04715311502308344
165	0.04715311502308344
3797	0.04715311502308344
3217	0.04715311502308344
1335	0.04715311502308344
3759	0.04715311502308344
3832	0.04715311502308344
105	0.04715311502308344
1262	0.04715311502308344
3081	0.04715311502308344
1228	0.04715311502308344
3207	0.04715311502308344
1123	0.04715311502308344
1040	0.04715311502308344
3726	0.10141032321642364
1650	0.04715311502308344
2493	0.04715311502308344
3462	0.04715311502308344
1788	0.04715311502308344
3344	0.04715311502308344
443	0.04715311502308344
4065	0.04715311502308344
1972	0.04715311502308344
3709	0.04715311502308344
1252	0.04715311502308344
3982	0.04715311502308344
1091	0.04715311502308344
2359	0.04715311502308344
2108	0.04715311502308344
2746	0.04715311502308344
573	0.04715311502308344
765	0.04715311502308344
3900	0.04715311502308344
662	0.04715311502308344
1066	0.04715311502308344
252	0.04715311502308344
3914	0.04715311502308344
2549	0.04715311502308344
4014	0.04715311502308344
3221	0.04715311502308344
2438	0.04715311502308344
619	0.10141032321642364
996	0.04715311502308344
3780	0.04715311502308344
2000	0.10141032321642364
3021	0.04715311502308344
1493	0.04715311502308344
2642	0.04715311502308344
374	0.04715311502308344
1286	0.04715311502308344
1755	0.04715311502308344
1008	0.04715311502308344
3444	0.04715311502308344
3302	0.04715311502308344
2182	0.04715311502308344
2639	0.04715311502308344
1167	0.04715311502308344
3138	0.04715311502308344
2379	0.04715311502308344
2502	0.04715311502308344
1222	0.04715311502308344
3447	0.04715311502308344
1102	0.04715311502308344
1045	0.04715311502308344
214	0.04715311502308344
4064	0.04715311502308344
2348	0.04715311502308344
1503	0.04715311502308344
3216	0.04715311502308344
2362	0.04715311502308344
2194	0.04715311502308344
2497	0.04715311502308344
3922	0.04715311502308344
2902	0.04715311502308344
256	0.04715311502308344
3623	0.04715311502308344
2722	0.04715311502308344
4113	0.10141032321642364
3270	0.04715311502308344
1095	0.04715311502308344
3460	0.04715311502308344
1239	0.04715311502308344
81	0.10141032321642364
1128	0.04715311502308344
3507	0.04715311502308344
703	0.04715311502308344
479	0.04715311502308344
3782	0.04715311502308344
3957	0.04715311502308344
3573	0.04715311502308344
2300	0.04715311502308344
4070	0.04715311502308344
3836	0.04715311502308344
4044	0.04715311502308344
2559	0.04715311502308344
570	0.04715311502308344
1368	0.04715311502308344
3103	0.04715311502308344
777	0.10141032321642364
1519	0.04715311502308344
2884	0.04715311502308344
1430	0.10141032321642364
3622	0.04715311502308344
1607	0.04715311502308344
2333	0.04715311502308344
161	0.10141032321642364
1673	0.10141032321642364
1974	0.04715311502308344
115	0.04715311502308344
1599	0.04715311502308344
840	0.04715311502308344
2820	0.04715311502308344
2968	0.04715311502308344
3173	0.04715311502308344
871	0.04715311502308344
4223	0.04715311502308344
3685	0.04715311502308344
2260	0.04715311502308344
1686	0.04715311502308344
2131	0.04715311502308344
1947	0.04715311502308344
1479	0.04715311502308344
1571	0.04715311502308344
594	0.04715311502308344
2384	0.10141032321642364
3402	0.04715311502308344
467	0.04715311502308344
1377	0.04715311502308344
946	0.10141032321642364
2385	0.04715311502308344
4029	0.04715311502308344
1542	0.04715311502308344
475	0.04715311502308344
1026	0.04715311502308344
641	0.04715311502308344
2031	0.04715311502308344
2821	0.04715311502308344
2631	0.04715311502308344
3116	0.04715311502308344
1187	0.04715311502308344
3767	0.04715311502308344
2054	0.04715311502308344
4208	0.04715311502308344
2724	0.04715311502308344
4149	0.04715311502308344
1750	0.04715311502308344
1614	0.10141032321642364
3557	0.04715311502308344
2608	0.04715311502308344
2450	0.04715311502308344
4246	0.04715311502308344
538	0.10141032321642364
1870	0.04715311502308344
4263	0.04715311502308344
3897	0.04715311502308344
1758	0.04715311502308344
496	0.04715311502308344
3349	0.04715311502308344
1230	0.10141032321642364
3341	0.04715311502308344
2158	0.04715311502308344
2547	0.04715311502308344
2210	0.04715311502308344
3734	0.04715311502308344
2004	0.04715311502308344
891	0.04715311502308344
2969	0.04715311502308344
1859	0.04715311502308344
917	0.04715311502308344
3384	0.04715311502308344
1470	0.04715311502308344
3387	0.04715311502308344
2546	0.04715311502308344
2975	0.04715311502308344
3452	0.04715311502308344
4088	0.04715311502308344
1756	0.04715311502308344
1641	0.04715311502308344
4205	0.04715311502308344
3727	0.04715311502308344
1185	0.04715311502308344
1078	0.04715311502308344
4138	0.04715311502308344
4054	0.04715311502308344
1105	0.04715311502308344
4182	0.04715311502308344
3368	0.04715311502308344
1753	0.04715311502308344
681	0.04715311502308344
2560	0.04715311502308344
1706	0.04715311502308344
921	0.04715311502308344
3385	0.04715311502308344
3887	0.04715311502308344
2542	0.04715311502308344
2257	0.04715311502308344
1518	0.04715311502308344
1882	0.04715311502308344
2041	0.04715311502308344
177	0.04715311502308344
764	0.10141032321642364
3934	0.10141032321642364
1056	0.10141032321642364
4118	0.04715311502308344
1271	0.04715311502308344
1862	0.04715311502308344
548	0.10141032321642364
1979	0.04715311502308344
769	0.04715311502308344
3524	0.04715311502308344
2805	0.04715311502308344
2338	0.04715311502308344
10	0.04715311502308344
2978	0.04715311502308344
196	0.04715311502308344
727	0.04715311502308344
3700	0.04715311502308344
274	0.04715311502308344
2201	0.04715311502308344
4100	0.04715311502308344
2913	0.04715311502308344
2603	0.04715311502308344
1781	0.04715311502308344
2781	0.04715311502308344
3795	0.04715311502308344
747	0.04715311502308344
3847	0.10141032321642364
4080	0.04715311502308344
2942	0.04715311502308344
1478	0.04715311502308344
3330	0.04715311502308344
1257	0.10141032321642364
3358	0.04715311502308344
3289	0.10141032321642364
1629	0.04715311502308344
1885	0.04715311502308344
2480	0.04715311502308344
558	0.04715311502308344
225	0.04715311502308344
3141	0.04715311502308344
2342	0.04715311502308344
3282	0.04715311502308344
1552	0.04715311502308344
3770	0.04715311502308344
383	0.04715311502308344
1952	0.04715311502308344
593	0.04715311502308344
3090	0.04715311502308344
895	0.04715311502308344
3180	0.04715311502308344
3263	0.04715311502308344
2011	0.04715311502308344
3401	0.04715311502308344
349	0.04715311502308344
4212	0.04715311502308344
2503	0.04715311502308344
576	0.04715311502308344
3713	0.04715311502308344
2944	0.04715311502308344
1534	0.04715311502308344
596	0.04715311502308344
1751	0.04715311502308344
509	0.04715311502308344
3565	0.04715311502308344
3678	0.04715311502308344
1236	0.04715311502308344
2425	0.04715311502308344
3260	0.04715311502308344
1207	0.04715311502308344
193	0.04715311502308344
814	0.04715311502308344
756	0.04715311502308344
3029	0.04715311502308344
955	0.04715311502308344
1148	0.04715311502308344
262	0.04715311502308344
947	0.04715311502308344
2634	0.04715311502308344
1021	0.04715311502308344
1243	0.04715311502308344
2205	0.04715311502308344
2953	0.04715311502308344
1622	0.04715311502308344
754	0.04715311502308344
3016	0.04715311502308344
2377	0.04715311502308344
1392	0.04715311502308344
1363	0.04715311502308344
1657	0.10141032321642364
1483	0.04715311502308344
456	0.04715311502308344
3413	0.04715311502308344
2615	0.04715311502308344
3111	0.04715311502308344
3933	0.04715311502308344
712	0.04715311502308344
674	0.04715311502308344
689	0.04715311502308344
2118	0.04715311502308344
3865	0.04715311502308344
3091	0.04715311502308344
1822	0.04715311502308344
448	0.04715311502308344
1164	0.04715311502308344
1249	0.04715311502308344
1651	0.04715311502308344
2922	0.04715311502308344
663	0.04715311502308344
267	0.04715311502308344
2621	0.04715311502308344
1113	0.04715311502308344
1520	0.04715311502308344
3835	0.04715311502308344
294	0.04715311502308344
3668	0.04715311502308344
832	0.04715311502308344
95	0.04715311502308344
4196	0.04715311502308344
2037	0.04715311502308344
3178	0.04715311502308344
1666	0.04715311502308344
3672	0.04715311502308344
1955	0.04715311502308344
3848	0.04715311502308344
2098	0.04715311502308344
1926	0.04715311502308344
2374	0.04715311502308344
874	0.04715311502308344
998	0.10141032321642364
2466	0.04715311502308344
797	0.04715311502308344
2390	0.10141032321642364
1674	0.04715311502308344
1977	0.04715311502308344
425	0.10141032321642364
25	0.04715311502308344
2801	0.04715311502308344
544	0.04715311502308344
2985	0.04715311502308344
4066	0.04715311502308344
2970	0.04715311502308344
804	0.04715311502308344
3389	0.04715311502308344
3101	0.04715311502308344
446	0.04715311502308344
1906	0.10141032321642364
1439	0.04715311502308344
3147	0.10141032321642364
3716	0.10141032321642364
606	0.04715311502308344
2472	0.10141032321642364
248	0.10141032321642364
1075	0.10141032321642364
3898	0.10141032321642364
950	0.10141032321642364
2845	0.10141032321642364
2714	0.10141032321642364
1782	0.10141032321642364
3803	0.10141032321642364
33	0.10141032321642364
2468	0.10141032321642364
516	0.10141032321642364
1077	0.04715311502308344
152	0.10141032321642364
3328	0.10141032321642364
648	0.10141032321642364
2659	0.10141032321642364
892	0.10141032321642364
3544	0.10141032321642364
740	0.10141032321642364
2624	0.10141032321642364
1708	0.10141032321642364
3979	0.10141032321642364
4094	0.10141032321642364
34	0.10141032321642364
2223	0.04715311502308344
2752	0.10141032321642364
259	0.10141032321642364
522	0.10141032321642364
1568	0.10141032321642364
2929	0.10141032321642364
3715	0.10141032321642364
3212	0.10141032321642364
2896	0.04715311502308344
13	0.10141032321642364
1956	0.0
2912	0.0
3851	0.0
999	0.0
1426	0.0
3313	0.0
876	0.0
3124	0.0
855	0.0
1065	0.0
788	0.0
3347	0.0
3508	0.0
2858	0.0
618	0.0
2637	0.0
1268	0.0
2168	0.0
964	0.0
3437	0.0
2234	0.0
2627	0.0
3367	0.0
850	0.0
2843	0.0
3881	0.0
2774	0.0
4194	0.0
3459	0.0
2556	0.0
900	0.0
3869	0.0
330	0.0
2569	0.0
2814	0.0
3731	0.0
3271	0.0
2672	0.0
2735	0.0
3940	0.0
1581	0.0
2749	0.0
1269	0.0
2482	0.0
4133	0.0
3909	0.0
1695	0.0
3085	0.0
3089	0.0
1868	0.0
2997	0.0
873	0.0
19	0.0
2284	0.0
577	0.0
3441	0.0
3170	0.0
65	0.0
3810	0.0
4129	0.0
2183	0.0
1039	0.0
1241	0.0
402	0.0
3451	0.0
1445	0.0
3169	0.0
2319	0.0
1864	0.0
1440	0.0
3428	0.0
2335	0.0
3153	0.0
1611	0.0
3853	0.0
237	0.0
3411	0.0
3995	0.0
3245	0.0
1777	0.0
4024	0.0
953	0.0
2490	0.0
4150	0.0
3150	0.0
1787	0.0
1444	0.0
2819	0.0
1345	0.0
3736	0.0
2162	0.0
4106	0.0
720	0.0
944	0.0
3360	0.0
343	0.0
3187	0.0
3537	0.0
2268	0.0
3255	0.0
1505	0.0
803	0.0
3201	0.0
550	0.0
1802	0.0
3994	0.0
3139	0.0
3935	0.0
2177	0.0
523	0.0
888	0.0
2691	0.0
1820	0.0
468	0.0
3370	0.0
3137	0.0
2515	0.0
3888	0.0
3513	0.0
1539	0.0
2719	0.0
819	0.0
1938	0.0
1512	0.0
4257	0.0
1346	0.0
2499	0.0
1980	0.0
543	0.0
319	0.0
610	0.0
3760	0.0
2681	0.0
1791	0.0
1326	0.0
2063	0.0
939	0.0
3774	0.0
3467	0.0
28	0.0
1871	0.0
1012	0.0
2028	0.0
1835	0.0
240	0.0
495	0.0
412	0.0
2463	0.0
730	0.0
2649	0.0
286	0.0
1655	0.0
1775	0.0
0	0.0
755	0.0
986	0.0
157	0.0
268	0.0
2501	0.0
1145	0.0
1763	0.0
2790	0.0
16	0.0
3846	0.0
2877	0.0
2033	0.0
3667	0.0
1064	0.0
1679	0.0
1863	0.0
3461	0.0
1636	0.0
2459	0.0
2764	0.0
1965	0.0
3192	0.0
835	0.0
3338	0.0
1567	0.0
1665	0.0
2707	0.0
2521	0.0
1226	0.0
728	0.0
2309	0.0
2881	0.0
3776	0.0
1656	0.0
3634	0.0
2511	0.0
1722	0.0
1676	0.0
1935	0.0
3762	0.0
2429	0.0
3609	0.0
2641	0.0
3756	0.0
1669	0.0
532	0.0
469	0.0
1824	0.0
3264	0.0
3351	0.0
3092	0.0
2716	0.0
3052	0.0
1932	0.0
2903	0.0
2083	0.0
1792	0.0
4060	0.0
1790	0.0
3827	0.0
865	0.0
4238	0.0
2051	0.0
3483	0.0
1897	0.0
2022	0.0
1023	0.0
941	0.0
447	0.0
4131	0.0
1467	0.0
311	0.0
124	0.0
3857	0.0
2193	0.0
1480	0.0
4222	0.0
1821	0.0
3962	0.0
30	0.0
1053	0.0
2155	0.0
2313	0.0
3345	0.0
836	0.0
2988	0.0
2872	0.0
1911	0.0
3556	0.0
2044	0.0
3	0.0
682	0.0
360	0.0
2253	0.0
3973	0.0
3983	0.0
889	0.0
91	0.0
3273	0.0
1125	0.0
1961	0.0
2218	0.0
1705	0.0
1140	0.0
3858	0.0
2249	0.0
771	0.0
1139	0.0
530	0.0
1893	0.0
821	0.0
1649	0.0
1680	0.0
3112	0.0
3728	0.0
3290	0.0
3585	0.0
1074	0.0
365	0.0
2445	0.0
2986	0.0
3721	0.0
3215	0.0
3626	0.0
3295	0.0
377	0.0
613	0.0
2723	0.0
3971	0.0
4127	0.0
2320	0.0
2862	0.0
1946	0.0
1595	0.0
4229	0.0
1067	0.0
800	0.0
2817	0.0
502	0.0
4166	0.0
2815	0.0
1283	0.0
351	0.0
3109	0.0
2307	0.0
357	0.0
140	0.0
2550	0.0
1988	0.0
1942	0.0
2204	0.0
2102	0.0
1465	0.0
3183	0.0
1985	0.0
1531	0.0
2219	0.0
1801	0.0
3937	0.0
3763	0.0
2217	0.0
4104	0.0
2796	0.0
2981	0.0
3955	0.0
261	0.0
3838	0.0
55	0.0
3473	0.0
2420	0.0
3990	0.0
858	0.0
4009	0.0
1838	0.0
1390	0.0
3369	0.0
73	0.0
3469	0.0
537	0.0
1354	0.0
1764	0.0
2208	0.0
633	0.0
3538	0.0
61	0.0
315	0.0
299	0.0
3641	0.0
2785	0.0
440	0.0
3095	0.0
1449	0.0
108	0.0
810	0.0
2003	0.0
1407	0.0
1643	0.0
645	0.0
3214	0.0
1208	0.0
75	0.0
3651	0.0
2265	0.0
204	0.0
36	0.0
3119	0.0
2273	0.0
669	0.0
3241	0.0
512	0.0
511	0.0
2100	0.0
758	0.0
3206	0.0
1443	0.0
2870	0.0
3416	0.0
2302	0.0
2955	0.0
3658	0.0
39	0.0
2879	0.0
2312	0.0
1152	0.0
1447	0.0
186	0.0
2704	0.0
3449	0.0
4189	0.0
2804	0.0
2434	0.0
68	0.0
4053	0.0
782	0.0
3615	0.0
1025	0.0
2150	0.0
3018	0.0
3293	0.0
1421	0.0
2689	0.0
1171	0.0
989	0.0
2750	0.0
3115	0.0
3285	0.0
1033	0.0
4271	0.0
4210	0.0
2017	0.0
1180	0.0
498	0.0
3123	0.0
2296	0.0
3481	0.0
430	0.0
2798	0.0
2325	0.0
2956	0.0
2089	0.0
959	0.0
3536	0.0
3074	0.0
1315	0.0
3766	0.0
3535	0.0
1404	0.0
3600	0.0
4224	0.0
2692	0.0
3895	0.0
795	0.0
616	0.0
1993	0.0
3015	0.0
1352	0.0
987	0.0
3410	0.0
3309	0.0
1324	0.0
1845	0.0
963	0.0
1963	0.0
1579	0.0
1616	0.0
1857	0.0
601	0.0
4092	0.0
2644	0.0
3043	0.0
1516	0.0
3296	0.0
1362	0.0
1854	0.0
3323	0.0
2447	0.0
3649	0.0
2628	0.0
3842	0.0
4221	0.0
483	0.0
2321	0.0
723	0.0
578	0.0
1564	0.0
938	0.0
1051	0.0
350	0.0
1367	0.0
3852	0.0
926	0.0
2500	0.0
600	0.0
4091	0.0
2394	0.0
615	0.0
2157	0.0
2246	0.0
3926	0.0
2125	0.0
3071	0.0
3405	0.0
2242	0.0
2069	0.0
2467	0.0
3202	0.0
2676	0.0
4226	0.0
1615	0.0
1399	0.0
3789	0.0
3220	0.0
2857	0.0
3522	0.0
2992	0.0
1934	0.0
1089	0.0
2906	0.0
74	0.0
802	0.0
3590	0.0
1640	0.0
514	0.0
3308	0.0
1153	0.0
3284	0.0
1450	0.0
2673	0.0
2655	0.0
2370	0.0
2001	0.0
151	0.0
2706	0.0
2120	0.0
381	0.0
284	0.0
4132	0.0
2046	0.0
722	0.0
2446	0.0
2126	0.0
2291	0.0
551	0.0
3862	0.0
2360	0.0
1462	0.0
212	0.0
2178	0.0
125	0.0
1628	0.0
4211	0.0
3072	0.0
4003	0.0
283	0.0
2397	0.0
760	0.0
3758	0.0
1981	0.0
192	0.0
194	0.0
2606	0.0
3093	0.0
1047	0.0
1780	0.0
3490	0.0
1632	0.0
85	0.0
2316	0.0
3568	0.0
2509	0.0
1843	0.0
1183	0.0
1989	0.0
2779	0.0
2717	0.0
3007	0.0
3821	0.0
4012	0.0
2584	0.0
1851	0.0
239	0.0
1733	0.0
829	0.0
2353	0.0
693	0.0
4227	0.0
687	0.0
131	0.0
2823	0.0
2831	0.0
611	0.0
2095	0.0
1119	0.0
3657	0.0
4057	0.0
4115	0.0
562	0.0
438	0.0
2241	0.0
1393	0.0
3061	0.0
1436	0.0
1357	0.0
3941	0.0
1221	0.0
1215	0.0
1761	0.0
3408	0.0
3406	0.0
1823	0.0
1235	0.0
1514	0.0
104	0.0
2254	0.0
954	0.0
2271	0.0
2471	0.0
1182	0.0
4081	0.0
1691	0.0
45	0.0
1718	0.0
1094	0.0
2398	0.0
4174	0.0
1549	0.0
367	0.0
3671	0.0
2283	0.0
1606	0.0
2737	0.0
98	0.0
1829	0.0
1151	0.0
3735	0.0
1828	0.0
2113	0.0
3951	0.0
2617	0.0
957	0.0
4250	0.0
2272	0.0
2612	0.0
3512	0.0
156	0.0
1281	0.0
3199	0.0
162	0.0
3833	0.0
945	0.0
507	0.0
3272	0.0
906	0.0
807	0.0
3415	0.0
2618	0.0
962	0.0
772	0.0
3989	0.0
2418	0.0
736	0.0
3572	0.0
413	0.0
510	0.0
1664	0.0
3456	0.0
3879	0.0
826	0.0
3820	0.0
2286	0.0
2838	0.0
1398	0.0
4220	0.0
3371	0.0
238	0.0
1353	0.0
1623	0.0
2588	0.0
3906	0.0
2421	0.0
3346	0.0
1732	0.0
4199	0.0
3963	0.0
1889	0.0
3239	0.0
481	0.0
2979	0.0
3669	0.0
4195	0.0
2262	0.0
3045	0.0
492	0.0
1210	0.0
2149	0.0
1945	0.0
2277	0.0
1042	0.0
3958	0.0
2702	0.0
2505	0.0
2711	0.0
1318	0.0
4157	0.0
345	0.0
2564	0.0
3034	0.0
2452	0.0
265	0.0
3412	0.0
2068	0.0
3256	0.0
1582	0.0
828	0.0
1423	0.0
2585	0.0
4077	0.0
3266	0.0
493	0.0
3655	0.0
726	0.0
1058	0.0
1028	0.0
3332	0.0
2443	0.0
3498	0.0
3383	0.0
1090	0.0
1132	0.0
403	0.0
566	0.0
3778	0.0
2151	0.0
4072	0.0
3817	0.0
675	0.0
3999	0.0
235	0.0
2939	0.0
1731	0.0
1382	0.0
2859	0.0
4013	0.0
1966	0.0
3001	0.0
1154	0.0
825	0.0
1720	0.0
1001	0.0
3417	0.0
4142	0.0
3435	0.0
1510	0.0
3970	0.0
2935	0.0
2999	0.0
3219	0.0
1747	0.0
2990	0.0
371	0.0
4218	0.0
3818	0.0
3320	0.0
384	0.0
3610	0.0
2225	0.0
2607	0.0
1176	0.0
862	0.0
158	0.0
323	0.0
307	0.0
3539	0.0
3485	0.0
580	0.0
1265	0.0
2506	0.0
2368	0.0
1605	0.0
2018	0.0
1287	0.0
3445	0.0
397	0.0
2882	0.0
911	0.0
3458	0.0
3559	0.0
289	0.0
2401	0.0
3677	0.0
3063	0.0
3108	0.0
608	0.0
2049	0.0
3968	0.0
392	0.0
2280	0.0
2788	0.0
1198	0.0
1358	0.0
3826	0.0
1887	0.0
1162	0.0
453	0.0
1116	0.0
3142	0.0
2874	0.0
2904	0.0
195	0.0
1526	0.0
3482	0.0
1305	0.0
2449	0.0
2688	0.0
1634	0.0
4031	0.0
2216	0.0
4136	0.0
3579	0.0
3122	0.0
737	0.0
352	0.0
3480	0.0
1409	0.0
1225	0.0
3905	0.0
1072	0.0
2086	0.0
2002	0.0
94	0.0
3956	0.0
3773	0.0
890	0.0
3398	0.0
2998	0.0
2013	0.0
3650	0.0
3883	0.0
2983	0.0
3737	0.0
4006	0.0
3438	0.0
1428	0.0
2060	0.0
3012	0.0
2121	0.0
1528	0.0
2043	0.0
3997	0.0
2140	0.0
2927	0.0
2799	0.0
1292	0.0
146	0.0
2243	0.0
2759	0.0
1527	0.0
3265	0.0
99	0.0
3874	0.0
3638	0.0
3487	0.0
230	0.0
4178	0.0
554	0.0
4041	0.0
355	0.0
2266	0.0
2754	0.0
710	0.0
3708	0.0
1735	0.0
2299	0.0
915	0.0
2775	0.0
1598	0.0
3242	0.0
1506	0.0
1684	0.0
3331	0.0
4020	0.0
695	0.0
1608	0.0
1110	0.0
247	0.0
2094	0.0
1914	0.0
581	0.0
3936	0.0
4203	0.0
1081	0.0
3927	0.0
768	0.0
220	0.0
2439	0.0
2435	0.0
2318	0.0
3699	0.0
1767	0.0
4151	0.0
3355	0.0
1261	0.0
2064	0.0
134	0.0
3376	0.0
2103	0.0
375	0.0
175	0.0
2594	0.0
3163	0.0
3197	0.0
3431	0.0
3811	0.0
1332	0.0
2432	0.0
2494	0.0
4172	0.0
219	0.0
4163	0.0
2115	0.0
2665	0.0
3642	0.0
297	0.0
317	0.0
3712	0.0
1181	0.0
1424	0.0
847	0.0
1904	0.0
1990	0.0
3038	0.0
1536	0.0
887	0.0
4255	0.0
3808	0.0
2900	0.0
3391	0.0
2344	0.0
2757	0.0
3691	0.0
2457	0.0
897	0.0
1690	0.0
1048	0.0
407	0.0
3930	0.0
1295	0.0
2868	0.0
1451	0.0
2228	0.0
614	0.0
216	0.0
1037	0.0
2561	0.0
1970	0.0
291	0.0
1069	0.0
2281	0.0
2898	0.0
418	0.0
3014	0.0
4061	0.0
257	0.0
347	0.0
565	0.0
843	0.0
1166	0.0
3696	0.0
903	0.0
2733	0.0
4169	0.0
1917	0.0
42	0.0
784	0.0
390	0.0
358	0.0
1388	0.0
1237	0.0
2863	0.0
2833	0.0
3611	0.0
308	0.0
1951	0.0
3011	0.0
2175	0.0
281	0.0
2580	0.0
1726	0.0
191	0.0
202	0.0
2972	0.0
3871	0.0
1238	0.0
762	0.0
1900	0.0
4176	0.0
3310	0.0
198	0.0
2632	0.0
3470	0.0
3036	0.0
1771	0.0
1962	0.0
3992	0.0
1387	0.0
3519	0.0
1995	0.0
2816	0.0
2343	0.0
266	0.0
3754	0.0
2727	0.0
3204	0.0
1507	0.0
3429	0.0
2611	0.0
2352	0.0
2381	0.0
3931	0.0
2763	0.0
2861	0.0
3975	0.0
1402	0.0
2864	0.0
896	0.0
4135	0.0
4225	0.0
3732	0.0
79	0.0
322	0.0
2508	0.0
258	0.0
1144	0.0
1748	0.0
2651	0.0
2021	0.0
3515	0.0
3236	0.0
872	0.0
1814	0.0
2442	0.0
2653	0.0
12	0.0
164	0.0
2918	0.0
2925	0.0
1496	0.0
1097	0.0
27	0.0
652	0.0
3326	0.0
4119	0.0
1793	0.0
3327	0.0
173	0.0
2134	0.0
667	0.0
1815	0.0
2119	0.0
2373	0.0
1807	0.0
1633	0.0
489	0.0
949	0.0
1079	0.0
899	0.0
1776	0.0
2605	0.0
501	0.0
1525	0.0
2050	0.0
3386	0.0
209	0.0
500	0.0
109	0.0
3143	0.0
411	0.0
2375	0.0
4090	0.0
2954	0.0
305	0.0
1809	0.0
2967	0.0
1163	0.0
2264	0.0
1928	0.0
1231	0.0
3097	0.0
3427	0.0
2650	0.0
2314	0.0
3373	0.0
3798	0.0
472	0.0
697	0.0
1085	0.0
3230	0.0
2081	0.0
1558	0.0
3151	0.0
3944	0.0
3569	0.0
2849	0.0
1521	0.0
2971	0.0
22	0.0
3363	0.0
3831	0.0
2893	0.0
1248	0.0
1574	0.0
1836	0.0
877	0.0
1714	0.0
818	0.0
3303	0.0
3893	0.0
1618	0.0
731	0.0
3787	0.0
1866	0.0
3479	0.0
3932	0.0
2812	0.0
3035	0.0
3496	0.0
4101	0.0
3640	0.0
2698	0.0
329	0.0
3126	0.0
1925	0.0
4004	0.0
2832	0.0
1702	0.0
1120	0.0
3131	0.0
753	0.0
1339	0.0
2090	0.0
1671	0.0
1768	0.0
1017	0.0
2587	0.0
3945	0.0
2214	0.0
3974	0.0
376	0.0
2404	0.0
3041	0.0
3421	0.0
4143	0.0
87	0.0
636	0.0
2780	0.0
295	0.0
2159	0.0
3168	0.0
2137	0.0
590	0.0
1743	0.0
3492	0.0
1538	0.0
4175	0.0
2274	0.0
1240	0.0
2578	0.0
332	0.0
1541	0.0
1808	0.0
3659	0.0
145	0.0
2794	0.0
2008	0.0
2101	0.0
3053	0.0
1922	0.0
1456	0.0
437	0.0
3027	0.0
2357	0.0
3335	0.0
983	0.0
3407	0.0
3497	0.0
320	0.0
1394	0.0
3718	0.0
3632	0.0
1910	0.0
304	0.0
4204	0.0
2330	0.0
3747	0.0
4099	0.0
2440	0.0
2473	0.0
515	0.0
1432	0.0
3809	0.0
2024	0.0
4152	0.0
1487	0.0
2315	0.0
2563	0.0
3253	0.0
3224	0.0
3299	0.0
868	0.0
1184	0.0
3635	0.0
1594	0.0
2105	0.0
1888	0.0
2427	0.0
1978	0.0
982	0.0
67	0.0
3928	0.0
3133	0.0
3083	0.0
927	0.0
3586	0.0
3849	0.0
335	0.0
647	0.0
588	0.0
1627	0.0
4002	0.0
3689	0.0
4042	0.0
2854	0.0
57	0.0
2052	0.0
1624	0.0
665	0.0
3867	0.0
4112	0.0
2533	0.0
401	0.0
2765	0.0
1565	0.0
3859	0.0
4097	0.0
4023	0.0
70	0.0
2940	0.0
2844	0.0
1329	0.0
1895	0.0
2365	0.0
1216	0.0
3156	0.0
1489	0.0
931	0.0
1199	0.0
3748	0.0
929	0.0
3628	0.0
2170	0.0
2776	0.0
971	0.0
3448	0.0
1100	0.0
3788	0.0
3682	0.0
3653	0.0
1907	0.0
110	0.0
1427	0.0
2795	0.0
3087	0.0
2099	0.0
805	0.0
745	0.0
2751	0.0
585	0.0
603	0.0
817	0.0
2909	0.0
103	0.0
4276	0.0
3645	0.0
1683	0.0
2853	0.0
1874	0.0
4130	0.0
3357	0.0
2371	0.0
3679	0.0
2488	0.0
2258	0.0
2232	0.0
4110	0.0
4184	0.0
3964	0.0
908	0.0
1635	0.0
4155	0.0
2015	0.0
1837	0.0
4275	0.0
3436	0.0
1858	0.0
3510	0.0
1401	0.0
1744	0.0
1437	0.0
3947	0.0
1757	0.0
1969	0.0
2065	0.0
435	0.0
4030	0.0
790	0.0
599	0.0
4148	0.0
1211	0.0
1984	0.0
2721	0.0
3977	0.0
2053	0.0
3136	0.0
549	0.0
393	0.0
2087	0.0
1223	0.0
1194	0.0
1192	0.0
1459	0.0
2358	0.0
1284	0.0
4075	0.0
654	0.0
143	0.0
2066	0.0
3785	0.0
672	0.0
749	0.0
2355	0.0
4264	0.0
2250	0.0
827	0.0
1134	0.0
1826	0.0
2290	0.0
732	0.0
354	0.0
991	0.0
699	0.0
3105	0.0
859	0.0
3488	0.0
3783	0.0
3597	0.0
1559	0.0
3824	0.0
1587	0.0
1391	0.0
1098	0.0
4251	0.0
1273	0.0
2328	0.0
2570	0.0
159	0.0
2293	0.0
2038	0.0
2391	0.0
228	0.0
2648	0.0
306	0.0
2526	0.0
249	0.0
2789	0.0
1700	0.0
1177	0.0
395	0.0
3238	0.0
3624	0.0
1349	0.0
1096	0.0
3901	0.0
1877	0.0
1024	0.0
3639	0.0
934	0.0
3300	0.0
2958	0.0
2553	0.0
9	0.0
3324	0.0
132	0.0
4228	0.0
2161	0.0
3172	0.0
2907	0.0
1668	0.0
1982	0.0
3184	0.0
3203	0.0
1247	0.0
1912	0.0
1213	0.0
2768	0.0
3908	0.0
4141	0.0
893	0.0
2747	0.0
628	0.0
3687	0.0
1474	0.0
3563	0.0
1569	0.0
2133	0.0
757	0.0
197	0.0
1481	0.0
2848	0.0
923	0.0
3315	0.0
1158	0.0
3446	0.0
2567	0.0
3866	0.0
1902	0.0
2039	0.0
4200	0.0
1642	0.0
1374	0.0
346	0.0
2165	0.0
1130	0.0
1365	0.0
595	0.0
4018	0.0
2664	0.0
2713	0.0
2026	0.0
2019	0.0
1913	0.0
1712	0.0
2679	0.0
2297	0.0
288	0.0
3804	0.0
3855	0.0
875	0.0
1998	0.0
798	0.0
2322	0.0
4079	0.0
4207	0.0
1267	0.0
546	0.0
2310	0.0
2577	0.0
2532	0.0
3257	0.0
2057	0.0
766	0.0
902	0.0
2326	0.0
2376	0.0
684	0.0
3499	0.0
905	0.0
3160	0.0
1589	0.0
4051	0.0
579	0.0
3030	0.0
4055	0.0
3652	0.0
3531	0.0
813	0.0
856	0.0
1770	0.0
3339	0.0
3743	0.0
3534	0.0
3120	0.0
353	0.0
1331	0.0
324	0.0
3845	0.0
368	0.0
2697	0.0
208	0.0
1811	0.0
1511	0.0
2032	0.0
1692	0.0
3275	0.0
3681	0.0
2712	0.0
1441	0.0
107	0.0
2699	0.0
200	0.0
1701	0.0
2489	0.0
2160	0.0
3698	0.0
83	0.0
1619	0.0
480	0.0
3213	0.0
2199	0.0
4258	0.0
1369	0.0
179	0.0
1147	0.0
3746	0.0
1672	0.0
2478	0.0
362	0.0
2541	0.0
3426	0.0
2548	0.0
174	0.0
3283	0.0
1794	0.0
2960	0.0
250	0.0
746	0.0
1300	0.0
1233	0.0
1954	0.0
2931	0.0
3088	0.0
2693	0.0
4164	0.0
2966	0.0
3952	0.0
3661	0.0
1461	0.0
1319	0.0
698	0.0
3009	0.0
1299	0.0
1896	0.0
398	0.0
2996	0.0
1336	0.0
2173	0.0
4011	0.0
136	0.0
1173	0.0
3532	0.0
571	0.0
326	0.0
1556	0.0
2247	0.0
1076	0.0
11	0.0
2078	0.0
791	0.0
3986	0.0
2055	0.0
3648	0.0
86	0.0
3165	0.0
1157	0.0
1570	0.0
1631	0.0
1013	0.0
2382	0.0
1819	0.0
1905	0.0
2112	0.0
2448	0.0
3274	0.0
260	0.0
153	0.0
4082	0.0
778	0.0
3768	0.0
2128	0.0
696	0.0
1159	0.0
4121	0.0
3525	0.0
2887	0.0
2568	0.0
2132	0.0
3764	0.0
2571	0.0
823	0.0
901	0.0
1280	0.0
3155	0.0
2317	0.0
1647	0.0
1272	0.0
244	0.0
651	0.0
3987	0.0
1933	0.0
3706	0.0
3608	0.0
3319	0.0
3812	0.0
3409	0.0
2575	0.0
290	0.0
63	0.0
1149	0.0
3279	0.0
2658	0.0
1759	0.0
1883	0.0
2416	0.0
4162	0.0
683	0.0
339	0.0
1544	0.0
4256	0.0
385	0.0
2106	0.0
2524	0.0
4058	0.0
2012	0.0
1929	0.0
356	0.0
2386	0.0
642	0.0
363	0.0
625	0.0
4262	0.0
1741	0.0
490	0.0
224	0.0
3680	0.0
3577	0.0
2531	0.0
1644	0.0
2769	0.0
1288	0.0
2932	0.0
2640	0.0
1418	0.0
2510	0.0
3660	0.0
3023	0.0
4188	0.0
4059	0.0
3533	0.0
3493	0.0
4078	0.0
857	0.0
539	0.0
2943	0.0
3807	0.0
52	0.0
101	0.0
985	0.0
3540	0.0
359	0.0
1545	0.0
2441	0.0
4185	0.0
2595	0.0
524	0.0
3129	0.0
3950	0.0
3800	0.0
2135	0.0
1471	0.0
3765	0.0
